432
1.11585 -1.32909 -3.64202
1.50873 -0.811195 -2.63967
1.79243 -1.91082 -1.9172
1.79243 -1.91082 -1.9172
1.3433 -0.713681 -0.403049
-1.3433 -0.713681 -0.403049
-1.79243 -1.91082 -1.9172
1.79243 -1.91082 -1.9172
-1.3433 -0.713681 -0.403049
-1.79243 -1.91082 -1.9172
-1.11585 -1.32909 -3.64202
1.11585 -1.32909 -3.64202
1.79243 -1.91082 -1.9172
-1.79243 -1.91082 -1.9172
1.11585 -1.32909 -3.64202
-1.50873 -0.811195 -2.63967
-1.11585 -1.32909 -3.64202
-1.79243 -1.91082 -1.9172
1.3433 2.58125 -0.403049
1.79239 2.86405 -1.9172
-1.79239 2.86405 -1.9172
-1.3433 2.58125 -0.403049
1.3433 2.58125 -0.403049
-1.79239 2.86405 -1.9172
-0.944433 -0.0951243 -4.07382
-1.11585 -1.32909 -3.64202
-1.50873 -0.811195 -2.63967
-1.50873 2.9805 -2.63967
-0.944433 -0.0951243 -4.07382
-1.50873 -0.811195 -2.63967
-1.50873 2.9805 -2.63967
-1.79239 2.86405 -1.9172
1.79239 2.86405 -1.9172
1.50873 2.9805 -2.63967
-1.50873 2.9805 -2.63967
1.79239 2.86405 -1.9172
-1.79239 2.86405 -1.9172
-1.50873 2.9805 -2.63967
-1.50873 -0.811195 -2.63967
-1.79239 2.86405 -1.9172
-1.50873 -0.811195 -2.63967
-1.79243 -1.91082 -1.9172
1.3433 -0.713681 -0.403049
1.79239 2.86405 -1.9172
1.3433 2.58125 -0.403049
1.50873 -0.811195 -2.63967
1.11585 -1.32909 -3.64202
0.944433 -0.0951243 -4.07382
0.944433 -0.0951243 -4.07382
1.11585 -1.32909 -3.64202
-1.11585 -1.32909 -3.64202
-0.944433 -0.0951243 -4.07382
0.944433 -0.0951243 -4.07382
-1.11585 -1.32909 -3.64202
-1.79239 2.86405 -1.9172
-1.79243 -1.91082 -1.9172
-1.3433 -0.713681 -0.403049
1.3433 -0.713681 -0.403049
1.79243 -1.91082 -1.9172
1.79239 2.86405 -1.9172
1.79243 -1.91082 -1.9172
1.50873 -0.811195 -2.63967
1.79239 2.86405 -1.9172
1.50873 -0.811195 -2.63967
1.50873 2.9805 -2.63967
1.79239 2.86405 -1.9172
-1.3433 2.58125 -0.403049
-1.3433 -0.713681 -0.403049
1.3433 -0.713681 -0.403049
1.3433 2.58125 -0.403049
-1.3433 2.58125 -0.403049
1.3433 -0.713681 -0.403049
-1.3433 2.58125 -0.403049
-1.79239 2.86405 -1.9172
-1.3433 -0.713681 -0.403049
1.50873 -0.811195 -2.63967
0.944433 -0.0951243 -4.07382
1.50873 2.9805 -2.63967
1.50873 2.9805 -2.63967
0.944433 -0.0951243 -4.07382
-0.944433 -0.0951243 -4.07382
-1.50873 2.9805 -2.63967
1.50873 2.9805 -2.63967
-0.944433 -0.0951243 -4.07382
0.727281 0.961884 -6.66667
0.995367 -0.551343 -6.31956
0 -0.551343 -6.31956
-0.727281 0.961884 -6.66667
0.727281 0.961884 -6.66667
0 -0.551343 -6.31956
-0.995367 -0.551343 -6.31956
-0.727281 0.961884 -6.66667
0 -0.551343 -6.31956
-0.727281 0.961884 -6.66667
-0.995367 -0.551343 -6.31956
-1.45698 -0.251821 -5.62091
-1.68038 0.928 -4.43182
-1.50131 -1.32906 -3.64202
1.50131 -1.32906 -3.64202
1.68038 0.928 -4.43182
-1.68038 0.928 -4.43182
1.50131 -1.32906 -3.64202
-1.73216 1.20751 -5.5416
-0.727281 0.961884 -6.66667
-1.45698 -0.251821 -5.62091
-1.68038 0.928 -4.43182
-1.73216 1.20751 -5.5416
-1.45698 -0.251821 -5.62091
-1.50131 -1.32906 -3.64202
-1.15449 -2.41709 -3.60249
1.15449 -2.41709 -3.60249
1.50131 -1.32906 -3.64202
-1.50131 -1.32906 -3.64202
1.15449 -2.41709 -3.60249
0.847525 -3.02184 -4.94181
0.609154 -4.12792 -3.54034
0.524732 -4.24243 -3.61701
0 -3.02184 -4.94182
0.847525 -3.02184 -4.94181
0.524732 -4.24243 -3.61701
-0.995367 -0.551343 -6.31956
0 -0.551343 -6.31956
-0.724872 -1.26115 -6.15229
0 -0.551343 -6.31956
0 -1.26115 -6.15228
-0.724872 -1.26115 -6.15229
0 -1.26115 -6.15228
0 -2.05361 -5.62633
-0.724872 -1.26115 -6.15229
0.847525 -3.02184 -4.94181
1.11707 -2.73855 -4.60089
0.609154 -4.12792 -3.54034
1.11707 -2.73855 -4.60089
1.15449 -2.41709 -3.60249
0.609154 -4.12792 -3.54034
0 -2.05361 -5.62633
0 -3.02184 -4.94182
-0.847525 -3.02184 -4.94181
-1.68038 0.928 -4.43182
-1.45698 -0.251821 -5.62091
-1.47864 -0.83995 -4.83209
-0.609154 -4.12792 -3.54034
-0.847525 -3.02184 -4.94181
-0.524732 -4.24243 -3.61701
-0.847525 -3.02184 -4.94181
0 -3.02184 -4.94182
-0.524732 -4.24243 -3.61701
0 -3.02184 -4.94182
0.524732 -4.24243 -3.61701
-0.524732 -4.24243 -3.61701
-1.50131 -1.32906 -3.64202
-1.68038 0.928 -4.43182
-1.47864 -0.83995 -4.83209
0.609154 -4.12792 -3.54034
-0.609154 -4.12792 -3.54034
-0.524732 -4.24243 -3.61701
0.524732 -4.24243 -3.61701
0.609154 -4.12792 -3.54034
-0.524732 -4.24243 -3.61701
-1.11707 -2.73855 -4.60089
-0.847525 -3.02184 -4.94181
-0.609154 -4.12792 -3.54034
-1.15449 -2.41709 -3.60249
-1.11707 -2.73855 -4.60089
-0.609154 -4.12792 -3.54034
-0.724872 -1.26115 -6.15229
0 -2.05361 -5.62633
-0.961892 -2.05361 -5.62633
1.15449 -2.41709 -3.60249
-1.15449 -2.41709 -3.60249
-0.609154 -4.12792 -3.54034
0.609154 -4.12792 -3.54034
1.15449 -2.41709 -3.60249
-0.609154 -4.12792 -3.54034
0 -2.05361 -5.62633
-0.847525 -3.02184 -4.94181
-0.961892 -2.05361 -5.62633
-0.847525 -3.02184 -4.94181
-1.11707 -2.73855 -4.60089
-0.961892 -2.05361 -5.62633
1.68038 0.928 -4.43182
1.73216 1.20751 -5.5416
-1.73216 1.20751 -5.5416
-1.68038 0.928 -4.43182
1.68038 0.928 -4.43182
-1.73216 1.20751 -5.5416
-1.50131 -1.32906 -3.64202
-1.47864 -0.83995 -4.83209
-1.27597 -1.80367 -5.05857
-0.727281 0.961884 -6.66667
-1.73216 1.20751 -5.5416
1.73216 1.20751 -5.5416
0.727281 0.961884 -6.66667
-0.727281 0.961884 -6.66667
1.73216 1.20751 -5.5416
-1.15449 -2.41709 -3.60249
-1.50131 -1.32906 -3.64202
-1.27597 -1.80367 -5.05857
-1.11707 -2.73855 -4.60089
-1.15449 -2.41709 -3.60249
-1.27597 -1.80367 -5.05857
-0.961892 -2.05361 -5.62633
-1.11707 -2.73855 -4.60089
-1.27597 -1.80367 -5.05857
1.45698 -0.251821 -5.62091
0.995367 -0.551343 -6.31956
0.727281 0.961884 -6.66667
1.11707 -2.73855 -4.60089
0.961892 -2.05361 -5.62633
1.27597 -1.80367 -5.05857
1.15449 -2.41709 -3.60249
1.11707 -2.73855 -4.60089
1.27597 -1.80367 -5.05857
1.50131 -1.32906 -3.64202
1.15449 -2.41709 -3.60249
1.27597 -1.80367 -5.05857
1.47864 -0.83995 -4.83209
1.50131 -1.32906 -3.64202
1.27597 -1.80367 -5.05857
1.11707 -2.73855 -4.60089
0.847525 -3.02184 -4.94181
0.961892 -2.05361 -5.62633
0.847525 -3.02184 -4.94181
0 -2.05361 -5.62633
0.961892 -2.05361 -5.62633
0 -2.05361 -5.62633
0.724872 -1.26115 -6.15229
0.961892 -2.05361 -5.62633
1.47864 -0.83995 -4.83209
1.68038 0.928 -4.43182
1.50131 -1.32906 -3.64202
0 -3.02184 -4.94182
0 -2.05361 -5.62633
0.847525 -3.02184 -4.94181
0 -2.05361 -5.62633
0 -1.26115 -6.15228
0.724872 -1.26115 -6.15229
0 -1.26115 -6.15228
0 -0.551343 -6.31956
0.724872 -1.26115 -6.15229
0 -0.551343 -6.31956
0.995367 -0.551343 -6.31956
0.724872 -1.26115 -6.15229
1.47864 -0.83995 -4.83209
1.45698 -0.251821 -5.62091
1.68038 0.928 -4.43182
1.45698 -0.251821 -5.62091
1.73216 1.20751 -5.5416
1.68038 0.928 -4.43182
1.45698 -0.251821 -5.62091
0.727281 0.961884 -6.66667
1.73216 1.20751 -5.5416
0.151496 6.27275 -4.66483
0.625892 2.92295 -2.27269
-0.625892 2.92295 -2.27269
-0.151496 6.27275 -4.66483
0.151496 6.27275 -4.66483
-0.625892 2.92295 -2.27269
1.02304 3.33718 -0.473957
0.150587 6.53812 -4.43542
-0.150587 6.53812 -4.43542
-1.02304 3.33718 -0.473957
1.02304 3.33718 -0.473957
-0.150587 6.53812 -4.43542
-0.151496 6.27275 -4.66483
-0.625892 2.92295 -2.27269
-0.150587 6.53812 -4.43542
0.625892 2.92295 -2.27269
0.150587 6.53812 -4.43542
1.02304 3.33718 -0.473957
1.02304 2.59248 -0.472459
0.625892 2.92295 -2.27269
1.02304 3.33718 -0.473957
0.625892 2.92295 -2.27269
0.151496 6.27275 -4.66483
0.150587 6.53812 -4.43542
-0.625892 2.92295 -2.27269
-1.02304 2.59248 -0.472459
-1.02304 3.33718 -0.473957
-0.150587 6.53812 -4.43542
0.150587 6.53812 -4.43542
0.151496 6.27275 -4.66483
-0.151496 6.27275 -4.66483
-0.150587 6.53812 -4.43542
0.151496 6.27275 -4.66483
-0.150587 6.53812 -4.43542
-0.625892 2.92295 -2.27269
-1.02304 3.33718 -0.473957
-1.02304 2.59248 -0.472459
-0.625892 2.92295 -2.27269
0.625892 2.92295 -2.27269
1.02304 2.59248 -0.472459
-1.02304 2.59248 -0.472459
0.625892 2.92295 -2.27269
-1.02304 3.33718 -0.473957
-1.02304 2.59248 -0.472459
1.02304 2.59248 -0.472459
1.02304 3.33718 -0.473957
-1.02304 3.33718 -0.473957
1.02304 2.59248 -0.472459
3.30322 2.91663 -0.653531
1.79241 2.91663 -1.04727
1.79241 2.91663 -8.26215e-16
3.30322 2.91663 -8.26215e-16
3.30322 2.91663 -0.653531
1.79241 2.91663 -8.26215e-16
3.30322 2.91663 -0.653531
3.30322 2.91663 -8.26215e-16
3.30322 -1.71483 4.8577e-16
3.30322 1.1355 -1.52279
3.30322 2.91663 -0.653531
3.30322 -1.71483 4.8577e-16
3.30322 -1.71512 -0.491675
3.30322 1.1355 -1.52279
3.30322 -1.71483 4.8577e-16
1.79241 -1.71503 -0.7212
1.79241 -1.71483 4.8577e-16
1.79241 2.91663 -8.26215e-16
1.79241 1.1355 -2.11232
1.79241 -1.71503 -0.7212
1.79241 2.91663 -8.26215e-16
1.79241 2.91663 -1.04727
1.79241 1.1355 -2.11232
1.79241 2.91663 -8.26215e-16
3.30322 -1.71512 -0.491675
1.79241 -1.71503 -0.7212
1.79241 1.1355 -2.11232
1.79241 2.91663 -8.26215e-16
1.79241 -1.71483 4.8577e-16
3.30322 -1.71483 4.8577e-16
3.30322 2.91663 -8.26215e-16
1.79241 2.91663 -8.26215e-16
3.30322 -1.71483 4.8577e-16
1.79241 -1.71483 4.8577e-16
3.30322 -1.71512 -0.491675
3.30322 -1.71483 4.8577e-16
1.79241 -1.71483 4.8577e-16
1.79241 -1.71503 -0.7212
3.30322 -1.71512 -0.491675
3.30322 1.1355 -1.52279
3.30322 -1.71512 -0.491675
1.79241 1.1355 -2.11232
1.79241 1.1355 -2.11232
3.30322 2.91663 -0.653531
3.30322 1.1355 -1.52279
1.79241 1.1355 -2.11232
1.79241 2.91663 -1.04727
3.30322 2.91663 -0.653531
-3.30322 -1.71483 4.8577e-16
-1.79241 -1.71483 1.66667e-07
-1.79241 1.1355 8.33333e-08
-3.30322 -1.71483 4.8577e-16
-3.30322 -1.71512 -0.491675
-1.79241 -1.71483 1.66667e-07
-3.30322 -1.71512 -0.491675
-1.79241 -1.71502 -0.7212
-1.79241 -1.71483 1.66667e-07
-3.30322 1.1355 8.33333e-08
-3.30322 -1.71483 4.8577e-16
-1.79241 1.1355 8.33333e-08
-3.30322 1.1355 8.33333e-08
-1.79241 1.1355 8.33333e-08
-1.79241 2.91663 -8.26215e-16
-3.30322 2.91663 -8.26215e-16
-3.30322 1.1355 8.33333e-08
-1.79241 2.91663 -8.26215e-16
-3.30322 2.91663 -8.26215e-16
-1.79241 2.91663 -8.26215e-16
-1.79241 2.91663 -1.04727
-3.30322 2.91663 -0.653531
-3.30322 2.91663 -8.26215e-16
-1.79241 2.91663 -1.04727
-3.30322 2.91663 -0.653531
-1.79241 2.91663 -1.04727
-1.79241 1.1355 -2.11232
-3.30322 2.91663 -0.653531
-1.79241 1.1355 -2.11232
-3.30322 1.1355 -1.52279
-3.30322 -1.71512 -0.491675
-3.30322 -1.71483 4.8577e-16
-3.30322 1.1355 8.33333e-08
-3.30322 1.1355 -1.52279
-3.30322 -1.71512 -0.491675
-3.30322 1.1355 8.33333e-08
-3.30322 2.91663 -0.653531
-3.30322 1.1355 -1.52279
-3.30322 1.1355 8.33333e-08
-3.30322 2.91663 -8.26215e-16
-3.30322 2.91663 -0.653531
-3.30322 1.1355 8.33333e-08
-3.30322 -1.71512 -0.491675
-3.30322 1.1355 -1.52279
-1.79241 1.1355 -2.11232
-1.79241 -1.71502 -0.7212
-3.30322 -1.71512 -0.491675
-1.79241 1.1355 -2.11232
-1.79241 2.91663 -1.04727
-1.79241 2.91663 -8.26215e-16
-1.79241 1.1355 8.33333e-08
-1.79241 1.1355 -2.11232
-1.79241 2.91663 -1.04727
-1.79241 1.1355 8.33333e-08
-1.79241 -1.71502 -0.7212
-1.79241 1.1355 -2.11232
-1.79241 1.1355 8.33333e-08
-1.79241 -1.71483 1.66667e-07
-1.79241 -1.71502 -0.7212
-1.79241 1.1355 8.33333e-08
1.45698 -0.251821 -5.62091
1.27597 -1.80367 -5.05857
0.995367 -0.551343 -6.31956
1.27597 -1.80367 -5.05857
0.961892 -2.05361 -5.62633
0.995367 -0.551343 -6.31956
0.961892 -2.05361 -5.62633
0.724872 -1.26115 -6.15229
0.995367 -0.551343 -6.31956
1.47864 -0.83995 -4.83209
1.27597 -1.80367 -5.05857
1.45698 -0.251821 -5.62091
-1.45698 -0.251821 -5.62091
-0.995367 -0.551343 -6.31956
-1.27597 -1.80367 -5.05857
-0.995367 -0.551343 -6.31956
-0.961892 -2.05361 -5.62633
-1.27597 -1.80367 -5.05857
-1.47864 -0.83995 -4.83209
-1.45698 -0.251821 -5.62091
-1.27597 -1.80367 -5.05857
-0.995367 -0.551343 -6.31956
-0.724872 -1.26115 -6.15229
-0.961892 -2.05361 -5.62633
